SUM(HLIST)

[[ 948611       5      27    8514    4604      25      14     226    2297
      413     637     144    8624    6584   16245    1241    2202    1464
     2830]
 [      0       0       0       0       0       0       0       0       0
        0       0       0       0       0       0       0       0       0
        0]
 [   1229       0    1297      25      13       8     221     750      17
       31       0       0      27       8     291     396      22     132
        1]
 [ 104844       0       0    3182    2541      12       0      19     287
       15     143      23    2091     813     734      19     105     279
      623]
 [   7473     156     650    7009   19178      61      21     268     248
       26     331     266   52972    3503    5729     699     195    1221
    14063]
 [    715       1       0     722     502    3515       0       2      26
        0      70      11   11590     514    1186     215      25     228
      131]
 [      0       0       0       0       0       0       0       0       0
        0       0       0       0       0       0       0       0       0
        0]
 [      0       0       0       0       0       0       0       0       0
        0       0       0       0       0       0       0       0       0
        0]
 [  15437       0     125    1874    4409      31       4      82 1223795
     9059   97544    5793    3720    3541    6715     424   43613     634
     3411]
 [      0       0       0       0       0       0       0       0       0
        0       0       0       0       0       0       0       0       0
        0]
 [    961       3     164     706     373       3       0      11   25877
     1200  236492    4754   76238    1226    4878     160   13849     584
      118]
 [    193       0       1       6       2       0       0       1   20918
      112     967     105       1      47      50       0     550       8
        0]
 [   3796     252       5   16502   31496     152     147     296    1679
       76    2355    3071 2160186   21400   94856     423    2067    9229
   205593]
 [      0       0       0       0       0       0       0       0       0
        0       0       0       0       0       0       0       0       0
        0]
 [   9199      76    1146   37105   81996     371     101     108    1090
      113    6575    3898 1658591   22451   82585    4102    2703    7026
   119217]
 [      0       0       0       0       0       0       0       0       0
        0       0       0       0       0       0       0       0       0
        0]
 [    508       1      51     756    1072       5       0       8   15578
      775   17197    2131   13319    1593    5806     124    4423     183
      475]
 [      0       0       0       0       0       0       0       0       0
        0       0       0       0       0       0       0       0       0
        0]
 [  10250       4     492    1078    2284      53       0      19      57
       13     164     165   16347    1975    2539     268      97    5987
    45716]]

DIAG(SUM(HLIST))

[ 948611       0    1297    3182   19178    3515       0       0 1223795
       0  236492     105 2160186       0   82585       0    4423       0
   45716]

HIST.SUM(1)

[1004707       0    4468  115730  114069   19453       0       0 1420211
       0  367597   22961 2553581       0 2038453       0   64005       0
   87508]

HIST.SUM(0)

[1103216     498    3958   77479  148470    4236     508    1790 1291869
   11833  362475   20361 4003706   63655  221614    8071   69851   26975
  392178]
